"1947" "1948" "1949" "1950" "1951" "1952" "1953" "1954" "1955" "1956" "1957" "1958" "1959" "1960" "1961" "1962" "1963" "1964" "1965" "1966" "1967" "1968" "1969" "1970" "1971" "1972" "1973" "1974" "1975" "1976" "1977" "1978" "1979" "1980" "1981" "1982" "1983" "1984" "1985" "1986" "1987" "1988" "1989" "1990" "1991" "1992" "1993" "1994" "1995" "1996" "1997" "1998" "1999" "2000" "2001" "2002" "2003" "2004" "2005" "2006" "2007" "2008" "2009" "2010" "2011" "2012" "2013" "2014" "2015"
"0" 1855504 2556684 2574462 2551884 2266171 2064338 1944604 1811329 1718212 1683513 1622596 1532070 1609696 1593355 1561461 1562666 1590710 1632791 1686220 1740020 1366045 1902321 1846873 1867598 1875397 1981238 2031447 2069887 2005175 1895777 1817227 1740385 1693313 1625423 1572318 1519929 1506173 1499213 1475690 1421098 1375595 1339677 1304501 1243599 1210966 1217248 1203511 1183835 1219259 1183219 1185310 1190235 1190331 1173903 1163465 1163147 1147730 1117107 1092810 1059566 1086697 1084090 1082996 1057749 1043133 1052895 1031912 1024543 1005404
"1" 1641777 1761428 2457380 2496010 2440610 2217503 2036326 1912503 1784145 1691923 1670008 1598724 1517241 1570312 1577088 1551465 1550884 1577599 1618777 1666488 1720945 1402400 1865365 1828173 1853475 1876738 1981529 2031672 2053112 1987986 1893298 1812137 1734571 1684096 1613610 1570105 1516764 1502069 1493683 1464053 1419153 1370953 1334912 1293994 1244574 1211323 1212283 1199728 1181778 1188125 1175448 1177802 1183145 1179443 1157055 1157114 1156226 1139855 1105678 1090348 1057454 1078434 1076229 1070157 1036345 1041139 1051509 1030538 1023398
"2" 1921491 1608804 1740249 2396294 2464817 2418768 2201132 2026152 1898337 1773192 1687672 1667192 1587778 1512066 1548214 1575650 1550135 1547143 1571083 1612458 1666913 1706723 1442189 1833144 1816992 1853796 1891730 1984665 2023981 2042478 1988690 1892774 1808967 1730573 1678210 1613631 1569417 1515032 1499317 1490541 1464967 1418385 1367334 1331148 1286955 1245677 1212626 1208292 1196786 1180508 1186382 1174279 1176675 1181105 1176556 1157122 1157096 1155320 1137888 1105488 1088427 1055877 1070669 1068977 1057806 1035028 1040139 1050735 1030019
"3" 1963369 1898611 1601511 1728163 2356338 2450640 2407301 2190286 2020811 1889520 1769613 1685782 1667250 1578734 1509392 1549018 1575922 1550270 1544550 1566645 1612325 1668391 1693396 1482648 1809633 1817672 1865028 1907476 1977774 2018840 2042880 1990173 1892840 1806367 1727929 1677991 1614180 1569185 1513660 1497656 1491153 1466140 1417921 1364027 1328648 1287903 1246985 1214104 1204586 1194085 1179087 1184955 1173299 1175967 1181298 1177590 1158652 1156535 1153698 1137015 1105413 1086633 1054418 1063019 1061820 1056961 1034713 1039838 1050563
"4" 1989678 1945914 1890956 1598064 1720934 2347558 2445134 2401638 2183350 2018390 1885227 1767945 1685915 1668555 1572428 1509376 1550772 1576951 1550961 1542816 1566172 1612626 1670150 1680411 1513223 1810599 1828709 1876697 1913183 1973033 2019572 2043651 1991842 1893155 1804579 1728130 1677949 1614858 1569087 1512948 1498277 1491908 1467463 1417566 1361651 1329234 1288932 1248400 1215696 1200904 1193317 1178034 1184344 1173215 1177561 1182436 1180007 1158978 1156282 1153367 1136183 1105428 1084909 1052988 1055415 1060995 1056615 1034542 1039570
"5" 1983211 1975928 1938540 1886938 1596776 1715142 2344645 2444078 2399598 2179732 2014472 1882480 1767849 1686952 1669417 1571346 1510135 1553055 1578484 1551776 1542567 1566087 1613162 1672111 1670931 1513494 1822973 1839957 1878335 1917935 1973974 2020492 2044656 1993770 1893502 1805066 1728487 1678048 1615645 1569242 1513749 1499014 1492759 1468873 1417206 1361904 1329825 1290000 1249880 1217340 1200599 1192916 1177774 1189866 1190929 1177603 1182923 1179123 1162783 1157685 1153084 1135383 1105442 1083207 1051584 1054704 1060678 1056370 1034456
"6" 1839459 1973166 1968040 1933161 1884531 1593406 1711946 2344516 2445232 2399387 2177026 2011814 1881140 1768549 1687688 1666804 1570878 1511288 1555710 1579768 1552348 1542627 1566134 1613777 1673686 1671605 1523289 1835544 1841385 1879965 1919015 1975027 2021531 2045794 1995256 1893581 1805587 1728918 1678255 1616454 1569881 1514572 1499773 1493633 1469845 1416779 1362182 1330478 1291146 1251367 1217260 1200119 1192734 1180751 1198810 1189788 1176735 1180755 1180913 1163772 1159107 1152835 1134626 1105483 1081520 1051086 1054465 1060552 1056201
"7" 1639413 1833192 1966667 1961565 1929795 1881923 1591397 1709771 2345778 2446830 2397515 2175293 2010190 1880389 1769439 1685631 1664676 1570768 1512694 1557892 1579764 1553131 1542754 1566308 1614568 1674002 1682872 1533200 1837062 1842744 1881194 1920143 1976270 2022698 2046739 1995300 1893775 1806227 1729421 1678610 1617134 1570508 1515447 1500586 1494240 1469431 1416374 1362479 1331175 1292270 1251426 1217239 1200139 1194669 1186047 1197820 1190264 1175986 1180526 1181325 1164781 1160537 1152597 1133872 1105552 1081146 1050990 1054499 1060477
"8" 1667641 1633041 1829579 1961497 1957498 1928512 1880378 1590083 1708405 2347529 2445779 2396328 2174226 2008956 1880299 1768976 1683909 1662779 1570800 1514075 1558057 1579941 1554068 1543032 1566702 1615424 1684907 1694279 1533853 1838500 1843604 1882546 1921425 1977651 2023811 2046948 1995486 1893986 1806999 1729987 1679406 1617880 1571204 1516337 1501215 1494031 1469090 1416015 1362834 1331871 1292563 1251561 1217706 1201422 1197702 1185247 1198552 1189950 1176862 1181117 1181761 1165813 1161993 1152392 1133138 1105309 1080929 1050915 1054577
"9" 1759110 1665962 1628168 1826871 1957977 1958463 1928076 1879464 1589172 1707242 2348614 2445075 2395744 2173427 2008107 1880720 1768894 1682465 1661031 1570942 1514941 1558450 1580267 1555088 1543399 1567368 1626510 1695971 1695433 1534421 1839190 1844619 1883984 1922856 1978868 2024485 2047312 1995710 1894334 1807771 1730576 1680244 1618668 1571927 1516992 1501172 1493851 1468780 1415709 1363186 1332361 1292870 1252017 1218632 1203190 1197274 1186362 1198370 1190365 1176991 1181768 1182240 1166843 1163447 1152192 1133029 1105291 1081054 1051099
"10" 1803196 1758116 1665274 1624009 1824878 1957590 1959975 1928089 1878916 1587560 1705640 2349915 2444788 2395248 2172709 2007667 1881413 1768972 1681126 1659539 1570803 1515889 1558883 1580685 1555793 1543622 1579655 1637708 1696710 1696435 1534990 1839940 1845662 1885562 1924100 1979447 2025152 2047696 1996014 1894699 1808556 1731213 1681085 1619464 1572565 1516837 1501130 1493681 1468489 1415396 1363648 1332587 1293436 1254094 1224115 1202138 1198041 1186117 1198841 1192424 1177126 1182422 1182727 1167887 1164923 1152150 1133072 1105377 1081170
"11" 1766196 1801108 1758074 1665138 1620972 1824284 1957643 1961823 1928404 1877419 1583282 1704208 2351540 2444534 2394336 2171206 2007409 1882258 1769041 1679952 1658265 1570779 1516980 1559403 1581187 1555256 1555296 1591963 1638872 1697381 1696672 1535763 1840721 1846763 1887033 1924827 1980034 2025889 2048108 1996341 1895099 1809376 1731836 1681948 1620170 1572768 1516694 1501125 1493537 1468175 1415731 1363757 1333005 1291922 1248311 1223073 1202630 1197491 1186076 1201861 1194492 1177244 1183070 1183209 1168935 1164937 1152318 1133321 1105580
"12" 1709271 1762913 1799742 1758434 1664671 1620649 1823881 1957989 1963860 1926970 1872663 1579060 1702920 2353160 2443115 2391287 2169816 2007276 1883102 1768499 1679145 1657030 1570825 1518072 1559790 1581912 1566139 1566994 1592805 1639739 1697884 1696884 1536554 1841525 1847812 1888073 1925578 1980676 2026605 2048376 1996639 1895491 1810173 1732450 1682563 1620466 1572980 1516523 1501131 1493328 1469186 1416340 1364615 1333915 1293065 1247516 1224169 1202868 1197763 1188561 1204861 1196577 1177379 1183734 1183667 1169294 1165307 1152880 1133712
"13" 1723119 1708021 1759991 1798564 1757884 1662673 1620587 1823690 1958411 1963359 1920375 1867832 1574856 1701633 2352390 2437325 2388234 2168500 2007162 1882364 1765638 1678313 1655825 1570798 1518901 1559947 1594236 1577008 1567307 1593409 1639679 1698419 1697062 1537307 1842396 1848561 1889095 1926309 1981283 2027014 2048147 1996876 1895889 1810970 1732915 1682419 1620726 1573166 1516332 1501054 1494140 1469328 1416569 1365271 1334755 1291998 1247955 1223586 1202656 1199361 1191043 1207870 1198643 1177508 1184363 1183677 1169305 1165479 1153111
"14" 1725127 1719346 1707015 1757301 1796621 1754025 1660816 1620474 1823453 1956307 1955233 1913641 1863154 1570662 1698435 2344209 2431492 2385281 2167196 2004911 1876547 1762742 1677475 1654562 1570531 1519152 1571525 1606559 1576467 1567376 1593311 1639604 1698942 1697249 1538122 1843445 1849349 1890077 1927031 1981356 2026455 2047927 1997111 1896242 1811584 1733005 1682191 1620925 1573308 1516115 1502596 1495042 1470430 1416549 1363261 1333508 1292647 1248173 1223610 1201802 1200921 1193498 1210857 1200679 1177605 1184578 1183881 1169594 1165725
"15" 1707243 1719494 1715676 1705975 1754289 1791997 1750302 1658984 1620471 1820662 1946231 1946897 1906915 1858345 1565108 1689095 2335989 2425714 2382199 2163697 1996325 1870667 1759844 1676599 1652722 1569477 1528460 1583039 1607175 1575437 1566744 1593203 1639509 1699415 1697367 1539077 1844406 1850049 1890944 1926662 1979893 2025890 2047629 1997291 1895991 1811847 1732998 1681969 1621138 1573380 1517853 1503877 1496484 1472332 1418369 1363150 1334364 1293359 1248133 1219525 1200925 1202481 1195905 1213833 1202688 1177919 1184819 1184059 1169792
"16" 1654444 1698792 1713924 1711883 1703655 1750298 1787395 1746470 1657006 1617807 1810237 1935715 1938462 1899943 1851713 1555282 1679742 2327596 2419616 2376824 2153977 1987553 1864644 1756678 1674217 1649006 1577600 1537510 1582801 1606442 1572989 1565926 1592876 1639176 1699048 1697227 1539868 1845084 1850597 1889677 1923175 1978234 2025065 2047103 1995908 1893776 1811920 1732892 1681612 1621147 1571639 1515554 1501732 1494465 1470847 1414402 1361118 1331398 1294343 1243295 1215392 1200000 1203960 1198296 1216730 1202253 1177411 1184140 1183578
"17" 1620214 1643034 1690398 1708026 1707311 1697844 1746266 1782553 1742248 1652606 1607180 1799400 1925101 1929693 1891902 1839733 1545367 1670218 2318875 2412872 2364918 2143975 1978586 1858177 1752749 1667695 1654787 1585292 1537207 1581372 1602055 1570313 1564780 1592289 1637861 1696547 1696816 1540396 1845555 1848610 1882328 1919450 1976283 2024002 2044610 1990222 1891361 1811858 1732623 1681064 1621466 1570907 1515366 1502087 1495175 1468053 1411788 1359796 1332006 1287569 1238416 1211250 1199026 1205401 1200600 1215960 1201695 1176778 1183480
"18" 1582145 1606818 1631582 1681780 1701586 1701296 1692040 1741980 1777345 1735933 1641465 1596192 1788292 1914263 1920597 1881442 1827763 1535291 1660509 2311232 2404751 2352853 2133788 1969337 1852711 1747466 1671218 1660485 1583792 1535787 1576634 1597659 1567568 1563634 1590783 1634362 1694035 1696358 1540951 1843344 1840040 1874984 1915559 1974220 2020782 2036922 1984436 1888945 1811657 1732251 1682333 1622762 1572212 1514856 1498906 1496166 1469183 1412321 1361586 1324435 1280724 1233474 1206995 1197991 1206815 1201013 1216358 1201992 1176980
"19" 1560808 1569425 1593747 1620104 1673530 1694459 1695285 1686003 1737265 1770038 1723448 1629758 1585012 1776906 1904266 1911356 1870982 1815733 1525132 1652494 2306369 2396634 2340661 2123434 1962670 1851058 1752665 1674736 1656480 1581590 1530898 1571843 1593080 1564804 1561632 1586209 1630799 1691429 1695837 1538902 1832936 1831302 1867448 1911605 1970204 2011329 2028990 1978510 1886368 1811339 1728069 1678490 1619176 1567819 1510699 1494922 1491753 1464259 1409795 1353983 1316723 1273811 1228458 1202721 1196906 1204987 1198895 1214070 1200173
"20" 1524926 1546307 1557151 1580781 1610001 1666599 1687670 1689133 1679615 1730990 1757535 1710684 1618019 1573691 1767652 1898161 1902329 1860525 1803639 1517188 1649641 2301433 2388313 2328223 2116207 1964184 1855858 1757759 1668328 1652464 1577515 1526122 1566984 1588582 1561792 1557101 1581667 1627235 1688826 1692913 1529408 1822604 1822585 1859823 1906454 1960564 2001916 2021131 1972662 1883777 1809359 1726012 1675881 1615432 1564518 1506924 1489777 1485944 1458865 1402520 1346333 1309011 1266874 1223413 1198441 1193553 1201161 1194651 1210367
"21" 1460618 1513361 1532926 1545429 1570079 1603738 1660157 1680751 1682595 1672357 1719973 1744781 1697877 1606281 1565080 1765328 1892138 1893239 1850037 1794642 1515679 1646793 2296494 2379781 2319519 2118824 1972715 1860690 1752550 1662990 1648523 1573484 1521318 1562146 1584484 1558030 1552464 1577046 1623697 1684770 1682812 1519985 1812217 1813864 1852802 1897890 1950935 1992585 2013310 1966761 1881984 1805962 1722330 1665955 1597170 1560964 1501254 1483776 1473779 1451289 1395211 1338707 1301280 1259854 1218317 1195804 1190533 1198525 1192633
"22" 1346543 1446150 1502556 1520598 1536225 1565071 1598051 1653612 1673740 1675791 1662359 1708922 1731988 1685135 1597919 1564865 1763129 1886240 1884241 1842577 1794840 1514136 1643874 2291411 2373898 2322586 2128940 1981279 1859018 1748449 1661028 1644662 1569489 1516561 1558199 1581617 1554279 1547823 1572519 1619481 1676261 1672822 1510584 1801900 1806528 1847209 1889344 1941401 1983267 2005442 1965516 1880549 1804774 1712706 1642504 1596593 1558142 1497904 1472176 1467671 1443709 1387870 1331015 1293484 1252855 1219143 1196910 1192160 1199830
"23" 1251303 1335301 1432852 1492894 1510484 1531931 1560700 1592418 1647027 1666967 1667870 1652277 1697921 1719431 1676249 1600035 1564757 1761085 1880329 1878053 1844252 1794950 1512558 1640847 2288571 2376321 2333893 2139105 1982919 1857753 1747774 1659141 1640842 1565567 1513022 1556740 1578740 1550508 1543186 1567934 1613072 1667823 1662848 1501231 1793579 1803025 1841667 1880859 1931854 1973901 2004019 1964022 1879652 1792225 1680412 1642817 1594856 1555605 1482615 1467066 1461582 1436079 1380510 1323288 1285695 1252371 1218717 1196744 1191830
"24" 1190475 1242243 1324974 1420595 1485192 1504570 1528542 1556400 1586554 1640882 1660282 1659715 1642381 1687121 1710800 1679048 1602322 1564845 1759046 1876286 1880002 1845951 1795200 1510958 1639082 2292694 2387280 2345286 2141850 1984062 1857807 1747174 1657308 1637050 1562752 1512937 1555290 1575816 1546811 1538807 1563121 1606668 1659347 1652949 1493913 1791428 1799564 1836143 1872336 1922337 1972316 2002277 1962795 1864768 1750907 1680370 1640877 1593030 1540640 1478700 1462000 1455468 1428443 1373172 1315596 1284999 1251854 1218384 1196297
"25" 1135698 1180553 1234320 1316080 1411500 1480004 1499863 1525649 1552169 1581455 1635606 1653794 1652099 1632710 1679499 1714124 1682101 1604704 1564958 1758074 1877540 1882060 1847604 1795349 1510690 1640584 2303872 2398329 2348479 2143551 1983621 1857947 1746642 1655501 1634554 1563340 1512883 1553767 1572920 1543226 1534894 1558326 1600233 1650921 1645309 1492796 1789230 1796141 1830603 1863861 1920555 1971196 2001477 1950450 1831347 1750961 1677336 1639523 1575440 1536515 1474802 1456950 1449334 1420821 1365827 1314223 1283821 1250828 1217442
"26" 1160226 1127401 1171875 1227584 1309416 1408262 1475847 1495467 1522730 1548388 1577114 1630428 1647607 1644691 1626228 1681339 1717702 1685430 1607230 1565441 1760111 1878904 1884069 1849291 1796772 1514411 1647083 2315241 2401080 2350948 2142504 1983260 1858049 1746105 1654380 1635719 1563986 1512758 1552279 1570276 1540066 1530970 1553484 1593856 1644558 1644683 1491667 1787109 1792698 1824996 1862521 1920782 1971301 1992332 1924489 1831615 1748348 1676424 1625781 1573240 1532442 1470983 1451913 1443204 1413218 1364277 1312608 1282353 1249442
"27" 1033678 1154540 1120137 1164320 1222313 1306365 1406180 1472141 1491060 1519901 1544720 1572882 1625431 1641703 1639678 1628758 1683407 1721376 1688777 1609391 1566487 1762284 1880363 1886134 1851684 1801809 1522733 1653744 2319582 2403047 2350386 2141525 1982930 1858180 1745798 1655261 1636909 1564507 1512674 1550738 1568167 1536880 1527060 1548631 1589116 1644320 1644022 1490578 1784925 1789243 1824472 1863776 1922096 1965402 1975579 1925955 1829571 1748363 1667595 1625878 1571057 1528332 1467122 1446872 1437068 1411576 1362911 1311318 1280989
"28" 1007498 1025908 1149809 1113899 1158528 1218763 1304534 1404610 1468510 1487354 1516802 1541003 1569024 1620595 1637726 1642076 1631444 1685820 1725143 1691430 1610064 1567642 1764413 1881787 1888390 1856003 1812400 1531240 1655436 2322939 2402434 2349702 2140638 1982649 1858159 1746141 1656126 1638014 1565107 1512218 1548955 1566035 1533713 1523172 1545140 1589150 1644091 1643391 1489453 1782741 1788591 1824576 1864129 1918600 1956029 1976976 1923456 1828851 1742220 1669356 1625933 1568917 1524161 1463221 1441773 1435374 1410067 1361506 1310057
"29" 1022442 1000100 1019048 1146053 1108897 1155534 1216025 1302900 1402928 1465208 1483750 1513615 1537464 1565131 1617233 1639208 1644431 1634167 1688175 1727624 1691323 1610569 1568842 1766594 1883467 1891606 1866027 1823018 1535114 1656302 2322427 2401899 2349043 2139823 1982335 1857834 1746459 1656983 1639135 1565301 1510758 1547192 1563935 1530557 1520300 1545414 1589117 1643876 1642737 1488224 1782970 1788950 1825273 1861110 1910274 1957915 1975900 1923191 1823915 1744090 1671093 1625969 1566749 1520003 1459301 1440167 1433726 1408404 1360037
"30" 1038480 1015917 993744 1013173 1142968 1105799 1153449 1213770 1301488 1401410 1461849 1480242 1510786 1534107 1562719 1618109 1640881 1646998 1637082 1690021 1726541 1691196 1611275 1569980 1768415 1886008 1902296 1876179 1828159 1537431 1655256 2321794 2401367 2348385 2138939 1981948 1857478 1746685 1657803 1639510 1564309 1509300 1545428 1561819 1528346 1520643 1545637 1589088 1643621 1641966 1487869 1784365 1788923 1823748 1860640 1911920 1957200 1975963 1919886 1826352 1745921 1672802 1626009 1564488 1515814 1457855 1438698 1432244 1407151
"31" 1024803 1033731 1010488 988108 1008507 1139548 1103580 1151871 1211649 1299927 1398683 1458468 1477202 1508024 1531844 1563553 1619082 1642753 1649582 1639008 1689751 1725551 1691115 1611876 1570954 1769463 1895998 1913042 1880642 1831841 1535670 1654328 2321081 2400860 2347555 2138107 1981536 1857023 1746975 1658154 1637739 1563284 1507873 1543649 1560281 1528933 1521022 1545899 1588992 1643306 1641663 1486941 1784745 1787531 1823260 1862680 1911210 1957085 1973065 1922771 1828839 1747829 1674437 1626082 1562212 1514040 1456397 1437321 1430874
"32" 1037615 1020278 1030016 1005759 983542 1005453 1136906 1101581 1150234 1209522 1296879 1395889 1455373 1474032 1505954 1532404 1564341 1620050 1644664 1651109 1637925 1689515 1724555 1690926 1612290 1571452 1777538 1905992 1916346 1883737 1830821 1534126 1653362 2320449 2400090 2346289 2137163 1981073 1856568 1746896 1656846 1635986 1562269 1506398 1542298 1560626 1529437 1521413 1546086 1588814 1643090 1641925 1486399 1783604 1787482 1824718 1862684 1912133 1954243 1975772 1925688 1831269 1749650 1676007 1626069 1561047 1512890 1455373 1436585
"33" 1014042 1033191 1016782 1026998 1001841 980135 1003074 1134704 1099653 1148530 1206222 1293740 1393343 1452272 1471497 1505437 1533038 1565265 1621122 1645376 1649428 1636756 1689179 1723355 1690435 1611876 1578255 1785642 1908464 1918426 1882614 1829671 1532444 1652318 2319481 2398660 2344958 2136214 1980540 1855892 1745479 1655410 1634197 1561212 1505249 1542235 1560951 1529983 1521704 1546250 1588526 1642932 1641871 1484171 1781195 1789441 1824275 1863017 1909331 1956774 1978451 1928525 1833659 1751515 1677611 1624895 1560178 1511962 1454744
"34" 999665 1010448 1029730 1013955 1023986 998158 977189 1000798 1132498 1097691 1145362 1202852 1290742 1390775 1449420 1470244 1504885 1533646 1566105 1621145 1642859 1647754 1635715 1688701 1722120 1689164 1617888 1585010 1786675 1909926 1917024 1881407 1828447 1530735 1651269 2318003 2397107 2343476 2135216 1979663 1854677 1744050 1653931 1632350 1560445 1505340 1542088 1561110 1530458 1521872 1545664 1587563 1642641 1641830 1486565 1782778 1789414 1824782 1860915 1911394 1959262 1981106 1931308 1835996 1753227 1676115 1623715 1558880 1510837
"35" 999681 999308 1007978 1026960 1011145 1019929 995092 974675 998720 1130268 1094719 1142100 1199803 1287846 1388229 1446816 1468939 1504430 1534354 1565746 1618195 1640363 1645941 1634397 1688174 1720915 1694879 1623819 1585406 1786698 1907987 1915591 1880086 1827103 1529196 1650038 2316479 2395359 2341815 2133783 1977861 1853451 1742550 1652452 1630804 1560573 1505455 1541872 1561253 1530821 1521507 1544994 1587184 1641677 1642644 1487073 1783000 1789260 1821132 1862107 1913423 1961657 1983673 1933973 1838265 1751592 1674762 1622477 1557784
"36" 982903 991887 999802 1006029 1024024 1007220 1016401 992270 972144 996424 1127207 1091705 1139109 1196729 1285152 1385558 1444455 1467778 1503971 1533100 1562284 1615239 1637750 1644009 1633113 1688230 1726914 1700547 1623242 1584998 1783880 1905845 1914162 1878737 1825488 1528191 1648762 2314714 2393602 2340108 2131567 1976058 1852095 1741047 1651103 1630331 1560578 1505434 1541554 1561264 1530535 1520637 1544416 1586802 1644285 1643841 1487114 1783799 1786921 1823378 1863350 1915396 1964009 1986167 1936619 1836538 1750202 1673349 1621079
"37" 969252 972716 984970 1000754 1003832 1019660 1003763 1013093 989560 969495 993084 1123980 1088987 1136030 1193952 1282952 1382890 1441909 1466527 1501404 1526075 1558649 1612093 1634941 1641899 1632209 1695273 1732812 1699028 1621993 1582243 1780841 1903625 1912691 1877073 1823466 1527078 1647336 2312771 2391620 2338083 2129266 1974038 1850657 1739754 1650754 1629791 1560524 1505380 1541218 1561119 1529621 1519459 1544359 1590742 1645080 1643914 1486604 1782659 1788997 1825595 1864472 1917249 1966257 1988563 1934893 1834915 1748714 1672122
"38" 940916 960978 963493 978621 1000612 999494 1015818 1000620 1009746 986605 965897 989677 1120993 1086234 1133277 1191986 1280692 1380011 1439200 1463836 1493131 1519121 1555061 1608710 1632184 1639945 1638167 1702104 1731365 1697222 1618850 1579400 1777749 1901292 1910730 1874374 1821305 1525830 1645760 2310717 2389330 2336073 2126800 1971958 1849392 1739303 1650181 1629153 1560433 1505084 1540675 1559701 1528534 1519089 1546768 1590936 1645556 1644110 1483266 1783697 1790958 1827686 1865462 1918960 1968403 1986724 1933193 1833423 1747475
"39" 920108 932881 953623 954674 973150 996090 995747 1012082 997317 1006466 982865 962100 986416 1117999 1082937 1130905 1189712 1278336 1377045 1436222 1456560 1484552 1512033 1551085 1605609 1630068 1644815 1643872 1701804 1729285 1694187 1615778 1576455 1774465 1898757 1907917 1871562 1818824 1524464 1644126 2308145 2386848 2333834 2124278 1970082 1848768 1738736 1649507 1628391 1560166 1504476 1539652 1558870 1528246 1522178 1546879 1590768 1645508 1643699 1484785 1784733 1792807 1829697 1866341 1920625 1966442 1985011 1931340 1831867
"40" 832966 912481 925334 946789 947358 969417 992006 992070 1008472 994098 1002571 979067 958425 983153 1114583 1078638 1128619 1187499 1275951 1373977 1432336 1449247 1475959 1504585 1547581 1603393 1634066 1649335 1642555 1700787 1726014 1690821 1612564 1573492 1771125 1895795 1904954 1868452 1816187 1522742 1642343 2305310 2384244 2331350 2121955 1969186 1847998 1737990 1648732 1627478 1559577 1503003 1538395 1558004 1530450 1521840 1546650 1590768 1644463 1644263 1486202 1785549 1794516 1831530 1867090 1918768 1964524 1983075 1929730
"41" 822854 822624 905664 918278 940716 944368 966172 988108 988465 1004660 990094 998492 975317 954735 979790 1110544 1074109 1126174 1185099 1273313 1370497 1428384 1441784 1467118 1499070 1545717 1607292 1637948 1647016 1640342 1696908 1722905 1687308 1609211 1570399 1768047 1892727 1901678 1865119 1813354 1520264 1640526 2302416 2381391 2329205 2120918 1967993 1847073 1737216 1647845 1626551 1558047 1501244 1538193 1560939 1529726 1521046 1546498 1590421 1644854 1644711 1487575 1786309 1796070 1833282 1865099 1916857 1962608 1981095
"42" 808729 814783 813071 899429 911895 936172 941682 963250 984291 984805 1000013 985880 994703 971532 951218 976614 1106353 1069554 1123561 1182657 1269918 1366950 1424169 1434253 1460665 1499975 1549684 1610883 1635176 1644002 1635973 1692807 1719598 1683709 1605829 1567465 1764820 1889294 1898159 1861733 1810113 1517767 1638481 2299314 2378546 2328198 2119535 1966678 1845890 1736109 1646543 1624545 1556484 1500462 1540529 1559814 1528773 1520327 1544673 1590447 1645178 1645051 1488874 1786897 1797575 1831308 1863295 1914877 1960601
"43" 830153 800998 807632 803679 893501 906491 931996 939026 960216 980373 980491 995141 981893 990704 967818 948211 973399 1102141 1064957 1120916 1180098 1266421 1363218 1419674 1428328 1461882 1506375 1553492 1607945 1631913 1639409 1631593 1688393 1716035 1679912 1602413 1564385 1761316 1885667 1894711 1858107 1806617 1515073 1636216 2296038 2375961 2326856 2117898 1965136 1844504 1734630 1644543 1622409 1555587 1503494 1539136 1558185 1527625 1517822 1544734 1590373 1645296 1645165 1489980 1787400 1795562 1829258 1861301 1912904
"44" 834973 822191 793908 800761 795798 888534 901442 927916 936274 956576 975617 975840 990338 977583 986654 964223 944917 969991 1097545 1060847 1117966 1177360 1262720 1359124 1415349 1428153 1468661 1512690 1550976 1604371 1626946 1634559 1626872 1683866 1712202 1676176 1598871 1561001 1757456 1881690 1891316 1854419 1802860 1512179 1633950 2293002 2373036 2325082 2116040 1963321 1842587 1731644 1642154 1619972 1555048 1501534 1537162 1556774 1525756 1517556 1544582 1590111 1645338 1645150 1490981 1784814 1793668 1826905 1859230
"45" 820546 827036 814745 787159 794412 791824 884047 896403 923642 932984 951325 970556 971280 985310 973332 982999 960503 941541 966520 1093251 1058809 1114897 1174381 1258651 1354889 1412225 1432686 1475167 1512940 1547698 1598912 1621676 1629516 1622010 1679230 1707855 1672087 1594914 1557306 1753378 1877142 1887855 1850344 1798936 1509239 1631742 2289779 2369696 2323096 2113705 1960791 1839180 1728821 1639914 1619203 1552877 1498939 1535757 1554268 1525003 1517174 1544317 1589798 1645081 1644949 1489028 1782297 1791260 1824502
"46" 784764 810790 819844 807815 780951 789791 788032 879320 891381 919274 927435 945694 965479 966479 980293 969366 978972 956610 938025 963057 1090258 1056568 1111632 1171179 1254320 1351356 1413759 1436851 1475864 1511444 1542354 1593324 1616311 1624070 1616986 1674961 1703122 1667617 1590691 1553288 1748468 1872459 1884117 1846146 1795085 1506062 1629207 2285939 2366015 2320543 2109825 1956868 1835538 1724993 1637257 1616557 1549886 1497033 1533238 1553080 1524031 1516506 1543916 1589206 1644742 1642480 1486924 1779424 1788885
"47" 732795 773167 801652 812765 801358 776235 785289 784168 874486 886128 913998 921483 940009 960337 961312 975828 965216 974840 952481 934233 960302 1087178 1054002 1108050 1167220 1249457 1351991 1415009 1435956 1474979 1505464 1536740 1587459 1610412 1618276 1611895 1670357 1698103 1662923 1586301 1548648 1743424 1867430 1880157 1841951 1791723 1502720 1626307 2281956 2361766 2315895 2104376 1952705 1831286 1721796 1634100 1612646 1547539 1493707 1531835 1551598 1522925 1515710 1543236 1588401 1642007 1640003 1484565 1776396
"48" 724279 720539 762427 792369 805856 795864 771768 780529 780088 869082 880393 908329 915593 934259 954673 955876 970982 960782 970494 947921 930504 957300 1083877 1051289 1103814 1161731 1248551 1352480 1411148 1433816 1469502 1499275 1530860 1581040 1604276 1612414 1606444 1665286 1692714 1658042 1581886 1543860 1738169 1862220 1875860 1838332 1787823 1499002 1623278 2277328 2356507 2309848 2098991 1947107 1825545 1718071 1629567 1609514 1544075 1492143 1530274 1549972 1521559 1514739 1542416 1585484 1639228 1637241 1482466
"49" 686019 714006 708877 751754 783716 799192 790532 767043 775521 775297 862578 874011 902593 909347 927845 948043 950137 965802 955951 965572 943499 926601 954110 1080173 1047958 1098634 1159815 1247493 1347909 1406469 1429380 1463411 1492904 1524644 1574571 1598357 1606244 1600570 1660044 1687289 1653547 1577459 1538733 1732645 1856999 1871415 1834267 1783642 1495158 1619688 2271600 2349417 2303646 2091740 1939870 1821444 1712591 1625953 1605703 1542165 1490432 1528510 1548161 1520010 1513513 1539231 1582336 1635885 1633796
"50" 660361 677814 704461 697321 741983 777210 792704 784982 762009 770237 769087 855430 867584 896673 902701 920826 941188 944238 960586 949885 960260 938795 922379 950451 1075660 1043636 1097314 1157485 1241804 1342843 1399652 1424523 1457114 1486163 1518166 1568357 1591872 1599435 1594311 1654052 1681940 1648696 1572590 1533262 1727105 1852732 1866627 1829707 1778957 1490861 1614907 2264685 2342292 2297050 2087124 1934681 1814749 1708340 1622211 1603615 1539967 1488437 1526454 1546148 1518209 1509923 1535733 1578896 1632573
"51" 649482 651931 670156 694937 686968 736096 770664 785961 779091 756483 763353 762383 848239 860947 889893 895855 913354 934159 938057 953770 940894 954731 933754 917877 946015 1070299 1043136 1095495 1150973 1235856 1336118 1392351 1419655 1450541 1479159 1511087 1561735 1585027 1592480 1587983 1646932 1676639 1643486 1567441 1528152 1723034 1847991 1861432 1824977 1773839 1485884 1609188 2257269 2332194 2283523 2081203 1927128 1809813 1704205 1620237 1601301 1537580 1486215 1524115 1543806 1514335 1506398 1532005 1575199
"52" 616211 638751 644160 662583 685829 680668 729955 763768 778979 772826 749312 755894 755616 840977 853759 881465 888546 905752 926694 930763 943341 931635 948744 928447 912719 939813 1068857 1042268 1089434 1144445 1229660 1328852 1384725 1414375 1443631 1472513 1503792 1554237 1577684 1585177 1581534 1639507 1670738 1638021 1562165 1524242 1718429 1842814 1855677 1819399 1767535 1479641 1603348 2249899 2326873 2276765 2072307 1920929 1804666 1701676 1617799 1598732 1534838 1483680 1521474 1539456 1510475 1502561 1528184
"53" 579525 605716 628644 636410 655069 678501 674251 723414 756691 772131 764944 741526 748464 748478 833716 846103 872524 881078 897689 919269 921047 932685 921941 942327 922755 907098 937098 1066773 1037170 1083138 1138479 1223207 1321387 1376675 1408190 1436607 1465369 1495931 1546480 1570458 1578719 1574899 1631625 1664485 1632378 1557409 1519918 1713354 1837148 1849307 1812308 1759973 1473241 1595980 2239874 2318881 2265238 2064660 1915221 1802107 1699144 1615239 1595868 1531774 1480980 1516709 1535059 1506122 1498425
"54" 571710 569790 595894 618578 628559 648551 670999 667455 716586 749422 764825 756442 733858 740631 741147 827780 837807 863470 873190 889650 912600 911134 921556 911997 935752 917088 904743 934115 1060425 1031595 1077434 1132373 1216421 1313634 1368624 1400533 1429395 1457832 1487539 1538657 1564208 1571927 1567781 1623500 1658083 1626550 1552167 1515153 1708035 1830827 1841847 1804244 1752580 1467399 1591900 2231704 2306602 2256547 2058176 1912450 1799244 1696188 1612327 1592529 1528397 1476115 1512017 1530331 1501645
"55" 522382 563601 560739 586323 609032 621593 642122 662903 660467 709568 742013 756890 747927 725520 732460 734480 821433 829345 854035 865242 883339 905531 900877 909941 903411 929566 914433 902107 927230 1054352 1025388 1071649 1125923 1209308 1305637 1361240 1392547 1421211 1449752 1479258 1531314 1557275 1564716 1560131 1615524 1651659 1620270 1546324 1510063 1701819 1822735 1832769 1796030 1746017 1466002 1585407 2219701 2297319 2249092 2054552 1909307 1795865 1692827 1609211 1588748 1523009 1471084 1506853 1525301
"56" 529694 515498 556025 551589 576845 601452 614723 634986 654944 653339 701340 733442 749059 739013 716863 724462 727317 814771 820448 844550 858272 876934 897977 889911 900020 900211 926654 911375 895807 919828 1047968 1019070 1065424 1119244 1201861 1298196 1353360 1383782 1412827 1441378 1471551 1523598 1550065 1557040 1552148 1608676 1644644 1613352 1540339 1504094 1693945 1813460 1823907 1788757 1741327 1459734 1576084 2209867 2290124 2244671 2050717 1905552 1792181 1689100 1605497 1582599 1517466 1465753 1501355
"57" 546696 521942 509329 548445 542472 569016 593875 607274 627687 646732 645056 692493 725201 740730 729611 707959 715923 720107 807695 811032 836611 850856 870030 889975 880115 896692 899950 923234 904396 888947 913125 1041051 1012495 1058819 1111943 1194445 1290482 1344767 1374645 1404294 1433437 1463272 1515191 1542316 1548643 1544234 1600943 1636961 1605987 1533510 1496666 1685079 1804252 1815637 1783842 1733243 1450280 1568636 2201991 2284976 2240106 2046350 1901415 1788215 1684717 1598786 1576562 1511516 1459939
"58" 522080 535191 514261 502572 539017 534041 560375 585233 598932 619324 636783 635321 683188 715746 730642 719325 697940 706803 711845 798470 800913 827709 841650 861965 881270 875956 896487 899098 915912 897020 881783 906484 1033640 1005577 1051876 1104702 1186727 1282079 1335906 1365580 1396155 1424942 1454447 1506258 1533845 1539598 1535570 1592678 1628874 1597827 1525041 1487991 1675830 1796317 1812180 1775827 1721558 1443003 1563340 2196860 2279461 2234632 2041495 1896814 1783418 1677048 1591969 1569861 1505015
"59" 489757 509551 524852 506836 494483 528491 525555 551469 576664 590273 608067 626047 626133 673527 705387 718491 708708 687965 697349 702934 786116 790598 818561 832916 853382 873029 874337 895746 894431 907909 889287 874470 899238 1025709 998178 1044613 1096979 1178248 1273160 1326650 1356996 1387398 1415662 1444974 1496729 1523789 1529693 1526100 1583964 1619868 1588148 1515191 1478870 1666899 1789624 1803038 1763407 1711994 1437277 1558965 2191190 2273439 2228601 2035955 1891676 1774544 1669230 1584678 1562624
"60" 434488 477483 498077 514194 498143 483348 517631 516705 542529 567253 579046 595951 615560 616468 662714 692355 705593 697932 677637 687317 692511 773256 779682 808685 823821 844024 867388 872540 891071 888398 898947 881238 866815 891819 1017271 990648 1036826 1088854 1169289 1263743 1317913 1347989 1377949 1405916 1434758 1486339 1512867 1518972 1516237 1574192 1609042 1577190 1504900 1470784 1662736 1779934 1789338 1752903 1704440 1432635 1554224 2184980 2266306 2221865 2029700 1881176 1765348 1660677 1576880
"61" 424277 422616 466356 486393 502646 486067 472122 506051 507638 532879 555602 566849 584353 604571 605454 650185 678743 692418 686670 666378 676695 681366 759548 768024 798067 814907 837373 861184 866708 884963 878861 889706 872601 858659 883512 1008686 982799 1028399 1080061 1159619 1253741 1308312 1337955 1367815 1395236 1423882 1474843 1501057 1507676 1505157 1562560 1596878 1566305 1496853 1469180 1653474 1765417 1778407 1746941 1698266 1427644 1548879 2177940 2258588 2213982 2017448 1870336 1755532 1651559
"62" 424526 412564 412329 454877 474109 490092 473919 459976 494364 497706 520976 542676 554802 572028 592532 593024 636844 664732 678580 674149 654907 665356 669643 745175 755741 787986 808274 829726 851348 859328 874479 868756 880104 863681 849897 875032 999639 974151 1019499 1070724 1149727 1243266 1297928 1327674 1356682 1383882 1412045 1462523 1488624 1495196 1492876 1550112 1584861 1557132 1494340 1460320 1639448 1753648 1771627 1739023 1691711 1422147 1542916 2170141 2249695 2199678 2005025 1858879 1744771
"63" 410856 409973 401926 401465 442576 461046 477263 460946 447887 482322 485544 507735 530131 542268 558641 579072 579598 623179 650099 664140 661335 642836 653303 657199 730737 744808 780062 800963 818460 840677 848020 863253 858202 869987 854106 840955 866117 989786 965165 1010113 1061235 1139058 1231643 1286783 1315826 1344529 1371352 1399199 1449433 1474959 1481628 1479103 1536831 1575725 1557720 1484241 1447310 1627809 1745607 1762504 1730443 1684215 1416025 1536495 2161017 2233866 2185008 1991973 1846503
"64" 393473 396132 397007 390807 389772 429547 447705 463550 447870 435420 469281 472171 494964 517043 528561 545006 564590 565922 608711 634557 650236 647908 629874 640383 644421 719172 735890 771200 790127 806714 828417 836279 851725 847192 858890 844047 831561 856440 979421 955434 1000239 1050936 1127604 1219423 1274496 1302272 1331161 1357745 1385684 1435342 1460349 1466951 1465239 1524850 1569371 1546469 1469826 1436097 1620064 1735927 1752867 1721111 1675921 1409480 1529327 2144476 2217455 2169332 1977519
"65" 388559 378645 382995 383884 378714 377584 416244 433198 449967 434628 422824 455007 459331 481721 502633 514246 530136 549890 551639 593718 620291 635853 633571 616170 626576 633053 709732 726059 759012 778432 793687 815324 823748 839515 835207 847406 833663 821622 846131 968210 944594 989778 1039960 1115432 1206358 1261105 1287481 1316584 1343629 1371004 1419814 1444344 1451485 1453058 1519634 1556102 1530435 1457374 1427406 1608913 1725716 1742284 1711138 1667142 1401990 1516662 2127187 2199952 2151627
"66" 355775 370682 365780 369434 369926 365691 365119 402138 418816 435905 420660 409056 441560 445789 467272 488029 499061 515199 534618 536412 580451 605414 620524 618247 601689 613438 624016 699526 712794 746151 764676 780463 801566 810827 826408 823033 835373 822370 810957 835298 956353 933202 978427 1028172 1102210 1192698 1246161 1271808 1301473 1327907 1354804 1403340 1427943 1436608 1442199 1505710 1539078 1516527 1446715 1416475 1597180 1714476 1730822 1700508 1657018 1389502 1503451 2109098 2181023
"67" 340069 339039 354695 352428 354891 356345 352494 351592 388065 404340 420897 405429 395788 426966 430958 452457 472155 483309 499432 518215 522313 566374 589812 603664 601956 588348 602435 613833 685420 698872 731597 750369 766101 787411 796913 813281 810385 822498 810459 799592 824013 944050 920909 966240 1015419 1088238 1177645 1230146 1255335 1284769 1310922 1337020 1385833 1411387 1423488 1427211 1487629 1523509 1503559 1434179 1404846 1584470 1702198 1718522 1688966 1640814 1376276 1489346 2089607
"68" 324674 323533 324238 338162 337946 340855 342584 338308 338333 373586 389453 404566 391069 381731 411215 415946 436455 456433 467110 482653 502443 507379 551383 573102 586132 586313 576953 590395 600156 670866 683591 716062 735141 751220 772142 782724 799441 796733 808872 797739 787880 812193 930382 907736 953052 1001403 1072816 1161283 1213318 1237509 1267233 1292495 1318832 1368012 1395425 1406792 1408536 1470771 1507206 1488407 1420762 1392110 1570777 1689235 1705152 1671411 1624046 1362326 1475908
"69" 296592 307461 309076 309056 321205 322623 326358 327751 324303 324598 357912 372468 388867 375769 366461 395241 399727 420356 439826 449407 466330 486214 491560 535261 554780 569033 572946 564738 574841 583832 654369 667447 699862 719309 735023 756964 767859 784833 782365 794434 784221 775577 798941 915772 893504 938506 986104 1056111 1144142 1194836 1218693 1247950 1273020 1299633 1350095 1377156 1386623 1390509 1454862 1490576 1472177 1406562 1378491 1556231 1674518 1685718 1652987 1606279 1347192
"70" 285808 280259 292497 294483 292721 305470 307619 310862 313296 310038 309362 340525 356739 372458 359330 350719 377934 383778 403725 421813 432533 449474 468682 474679 517114 536827 553810 558007 548831 559502 566070 636723 650639 682912 701856 718312 741260 751887 769323 767029 779728 769926 761947 784977 900102 878527 922639 969460 1038833 1125221 1175283 1198607 1227430 1253800 1284461 1330381 1355431 1366955 1373653 1436836 1473050 1454410 1390857 1363965 1540284 1653850 1665402 1633298 1586128
"71" 251566 266468 266340 277343 278838 276978 289773 291071 295899 298135 294065 292499 324410 340297 354566 342579 333774 361010 366693 385581 404068 414662 431934 450299 456175 497703 520412 537344 539789 531603 542707 549594 618219 632942 664493 684363 701166 723966 735204 752562 751027 764252 754271 747668 769691 883132 862236 905744 952160 1019532 1104982 1154397 1177407 1205866 1233568 1263554 1307671 1334313 1348630 1354225 1418130 1454086 1435493 1374777 1347910 1519292 1632099 1643658 1612216
"72" 221951 233146 250072 252086 260485 262589 261606 272707 275497 280747 281301 276486 277051 307444 322160 336140 324279 317208 343018 348410 367842 385855 396087 412891 430452 437837 479366 502746 517548 521119 512655 524619 531981 598879 613734 645584 666148 682735 706011 717564 734851 734411 746989 737739 731786 753008 864546 844592 887907 932817 999421 1083169 1132085 1155309 1185677 1211883 1240285 1285070 1313468 1327574 1334021 1397605 1433743 1415695 1356987 1327918 1497501 1608983 1620319
"73" 201043 204726 217183 233329 236290 243943 246686 244739 256828 259607 263219 262950 260374 261033 289058 303580 316416 306774 299886 323724 330316 349364 366612 376717 393050 411478 420814 460107 482062 497138 501011 493708 505703 514104 578180 594120 626095 646729 663562 686707 699215 716612 716132 728880 719627 714471 735108 844520 826095 868305 912682 977704 1060105 1108510 1133426 1162453 1187289 1216438 1263213 1291140 1305802 1312583 1375307 1412508 1393895 1334652 1306874 1474332 1584136
"74" 172069 183964 190138 201210 216018 219710 227451 229218 229218 240454 241925 244551 246128 243849 243938 270509 283651 297305 288588 281356 305175 311884 330233 346539 356037 374008 393717 402470 437718 461012 475544 480273 473780 486108 494642 557114 574068 604970 626382 642891 666583 679945 696242 696837 708962 700596 695904 715620 823691 805300 847741 891260 954806 1037250 1090193 1109068 1136778 1161989 1192833 1238237 1267472 1282314 1289514 1352204 1389223 1368652 1311307 1284592 1449818
"75" 138954 156913 169827 175506 184530 199475 203479 209797 213267 213501 222488 222757 227572 229146 226146 226675 250806 264688 277662 269187 263638 286335 292708 310123 325514 336957 356572 374661 381809 414502 439205 453560 458600 453661 464673 474433 535793 552245 583156 604170 620958 645668 658534 675079 675403 687446 679906 675986 695517 800443 784114 825817 868351 932353 1018725 1064266 1081980 1110195 1136568 1166191 1212007 1242111 1256655 1265334 1326997 1361128 1341897 1286281 1260879
"76" 114234 125871 144419 155559 160136 169041 183593 186021 193851 197312 195981 203281 205789 210409 210873 208241 208201 232256 245326 256931 250522 245517 266837 272799 289109 306194 319104 337506 353071 360321 391381 416168 430551 436500 431630 443219 453791 512847 529947 559980 581077 598154 622435 636636 652118 652436 664337 657530 655273 673273 776868 761638 802448 845820 913347 991961 1036328 1054099 1084336 1108946 1138281 1184282 1215014 1230006 1238583 1296957 1331631 1313568 1258878
"77" 100497 102628 115259 132005 140578 145621 154568 166509 170608 177812 179569 177495 186461 188793 192190 192625 189490 191440 213391 224629 237389 231498 227051 247057 252601 269557 287774 300055 316479 332402 338230 368933 392525 407375 412836 409302 421361 432066 489136 505654 535916 557073 573307 598594 612226 627470 627689 639404 634520 632214 650617 751520 737593 779247 827599 886456 962842 1006857 1026687 1055062 1079979 1108814 1154296 1186247 1200692 1207238 1265353 1299872 1281996
"78" 97823 90200 93374 104769 119071 126599 131662 138750 151585 155390 160692 161168 161370 169576 170610 173990 173432 172130 174215 193656 205481 217749 212206 208766 226595 233983 251292 268507 279413 295563 310395 316883 345965 368950 382443 389211 386859 398679 409838 464469 481112 510806 530625 547719 572740 585843 600961 601354 613828 609490 608849 626690 724659 712804 757036 801280 857813 932046 977182 995623 1023958 1049084 1076790 1122754 1154554 1166038 1173949 1231542 1265538
"79" 78168 86297 82316 84276 93582 106252 113317 116691 124998 136893 138789 142573 145307 145343 151790 153146 155358 156264 155038 156298 175815 186783 197965 193298 189901 207951 216416 232045 247640 258362 272994 287909 294640 323006 343835 357165 365275 363256 375487 386414 438506 455868 483598 503647 520093 544843 557695 573042 574453 586023 584021 583714 601557 697536 691235 730276 773135 827564 901880 944481 963362 991238 1015526 1043864 1088650 1117501 1129743 1138313 1194776
"80" 65382 67024 79529 71707 71279 77364 86864 100429 104288 109331 122017 117671 124490 128080 128272 135675 134575 140868 138405 139709 148669 152106 170040 179047 172069 170588 192108 198552 210775 223956 234262 251159 270970 273528 289565 317839 332796 338397 336391 351425 344198 414320 433812 452434 469283 492268 504046 521730 542693 546622 551420 562809 554073 575488 670559 672775 695944 749058 792952 866897 910084 928667 955834 980554 1007367 1049180 1078435 1090987 1100366
"81" 60736 55493 58668 69484 62155 62399 68022 75304 88687 92076 95518 105648 103711 109729 112152 112462 118115 118633 124461 121182 123741 131941 135164 151406 159173 154026 154488 172912 178915 190364 202407 213297 229262 248493 250051 265548 293144 306886 313119 311840 326673 320917 386141 405893 423286 440117 462131 473847 491970 511475 517700 522902 534563 525970 547919 640405 643633 666169 717069 758125 830412 873593 891792 919055 942352 966471 1007501 1036634 1049386
"82" 46563 50885 48191 50641 59484 53618 54236 58186 65679 77460 79402 81503 92084 90142 94765 96908 96701 103026 103372 107754 106194 108424 115616 119140 133265 141000 137931 137782 153513 159232 170420 182386 192659 208095 224853 227489 242309 267591 281314 287459 287381 302425 296118 358137 376765 393495 409955 430894 443778 460511 481397 487758 493380 504444 497820 520100 609087 612603 634998 682293 722238 792146 834376 853549 879099 899160 923257 962943 991707
"83" 32599 38199 43496 41166 42672 50594 45895 45706 50129 56728 65791 66996 70339 79077 76955 80722 81856 83279 88738 88013 93335 91969 93733 100357 103669 116721 124523 121215 121135 135950 140402 151629 162886 172668 186244 202280 205862 219062 242652 255837 262573 263009 276353 271648 329296 347642 363201 378615 399870 411389 430081 450172 456911 462179 474693 469394 491403 576015 580780 601103 646955 684630 751232 794492 812567 834226 854020 877579 916212
"84" 23399 26418 32151 36575 34234 35502 42794 38202 38865 42807 47512 54368 57015 59475 66151 64543 67336 69665 70799 74570 74991 79931 78533 80483 85989 89683 101739 107997 104902 104187 119280 123642 133661 144637 152774 165371 180914 183870 196406 218354 230836 238358 237536 251660 246777 300604 317788 332487 347919 367416 380956 399122 418392 424072 431572 444335 440586 461389 542287 546087 566442 609751 644898 709594 751260 766149 787167 806653 830224
"85" 17483 18741 22016 26676 29947 28152 29355 34838 32069 32607 35487 38799 45684 47803 49275 54842 53055 56197 58280 58704 62653 63083 67187 66340 67845 73208 77354 86872 91831 89986 88317 103304 107699 116914 126378 133706 146080 159576 162928 174606 195058 206984 213316 213634 226043 222491 271592 287943 302477 316594 336676 349801 367688 384886 392657 400741 413546 409975 430852 505547 511303 529938 570285 604329 664586 703155 717880 738052 756701
"86" 15199 13703 15297 17886 21474 24305 22959 23362 28665 26521 26595 28375 32101 37708 38812 39935 44251 43673 46246 47431 48591 51917 52093 56016 54888 56715 61749 65357 72861 78078 75837 75420 88550 93168 100402 109082 116540 127146 139778 142860 153834 172728 182574 189548 189486 201406 198289 243118 258736 271792 286951 306214 319346 335101 353220 361338 369612 381969 379180 398431 468729 475313 492409 530817 560509 616610 654163 667700 687154
"87" 11347 11608 11037 12195 14085 17080 19645 17922 18901 23381 21124 20774 23058 25911 30206 30989 31485 35763 35523 36730 38563 39572 42104 42559 45546 45486 47303 50853 54102 60520 65263 63734 63643 75413 78685 85263 94003 99872 109662 120933 124137 134399 150228 159871 165931 166602 177528 175234 216059 229727 243737 257694 276192 287473 304153 321582 330128 338130 350266 347002 365755 431223 437674 454604 488916 515391 567052 603158 616596
"88" 8822 8605 9203 8694 9366 11089 13467 14963 14195 14998 18201 16205 16635 18323 20264 23693 23945 25007 28498 27790 29425 30784 31410 33722 33996 36890 37211 38394 40909 43590 49627 53812 52849 53262 62660 65982 72021 79401 84867 93407 103583 106955 114962 129830 137736 143895 144619 154410 153223 188987 203585 216190 229477 245461 257784 273853 290600 298432 306535 317087 315610 332735 392730 400455 414540 445342 469081 516781 551393
"89" 6422 6541 6660 7079 6555 7149 8564 10011 11743 11077 11362 13644 12715 13077 14118 15507 17879 18600 19636 21848 21703 22996 24056 24623 26568 27057 29520 29616 30407 32996 34273 40187 43751 43459 43444 51561 54855 59637 66193 70876 78782 87795 89799 97537 110136 117480 123141 124029 133322 131864 164860 178253 189848 201241 217415 229222 244741 259568 267901 274254 284693 283714 299588 354780 361301 373327 401232 422890 467113
"90" 4536 4618 4954 4993 5210 4875 5382 6256 7550 9076 8217 8280 10313 9709 9761 10675 11454 13620 14166 14689 16760 16616 17520 18530 18874 20727 21344 22900 23011 23692 26094 27296 32119 35467 34598 34975 42236 44508 48978 54334 58453 65810 72505 75196 80963 92265 98742 103974 105390 113114 113350 141950 154646 163958 175972 190932 201847 215633 229784 236168 243026 252709 251627 267083 315676 320972 332185 357189 377165
"91" 3022 3136 3480 3708 3586 3859 3650 3852 4579 5645 6710 5871 6231 7706 7026 7125 7733 8558 10213 10275 11095 12536 12501 13182 13867 14574 16021 16285 17157 17501 17996 20330 21204 25486 27506 27362 28111 33610 35706 39444 44288 47550 53391 59469 61552 66683 76066 81496 86724 87592 95635 96012 121052 130903 141017 151994 165792 175252 188126 199603 206138 212579 220997 221413 234038 276050 281047 291616 314374
"92" 2115 2080 2290 2514 2583 2540 2811 2528 2775 3436 3926 4631 4318 4497 5522 4997 5038 5662 6294 7243 7544 8125 9107 9246 9625 10302 11071 11823 12126 12713 12893 13666 15443 16364 19423 21196 21548 21840 26434 28277 31356 35646 37753 42978 47513 49490 54024 61929 66704 70668 72726 79660 80353 100948 110594 119964 129609 141795 150407 161016 171533 177573 183270 191409 190941 201586 237726 243113 253022
"93" 1301 1358 1529 1593 1716 1793 1762 1885 1807 1964 2339 2652 3324 3023 3093 3823 3426 3613 3982 4324 5202 5388 5737 6603 6587 7050 7500 7990 8443 8850 9370 9604 10155 11708 12182 14595 16206 16387 16837 20389 22061 24792 27821 29739 33667 37688 39227 42882 49678 53180 57583 59571 65555 65812 83661 92335 100775 109048 119826 126371 136224 145239 150136 155868 162003 161429 170480 202155 207618
"94" 877 852 958 1065 1083 1180 1225 1164 1273 1228 1341 1506 1837 2290 2079 2037 2531 2396 2524 2748 3005 3650 3752 4081 4619 4754 5115 5283 5578 5983 6250 6782 6964 7476 8454 8949 10967 12101 12217 12675 15462 16928 18936 21502 22641 26041 29296 30408 33625 38815 42474 45962 47965 52360 53527 68539 76253 82737 90349 98437 104545 113203 120584 125189 129436 134651 134169 142343 169761
"95" 474 544 586 649 690 710 784 812 790 841 804 860 991 1268 1479 1391 1317 1740 1648 1643 1859 2065 2475 2567 2763 3234 3355 3526 3578 3782 4156 4456 4825 5088 5343 6082 6592 7954 8924 8990 9457 11650 12522 14233 16194 17130 19661 22310 23332 25675 30375 33276 36212 37647 41964 43045 55694 61513 67218 72954 79946 85137 92161 98801 101765 104915 109443 109408 116853
"96" 321 287 369 396 424 464 475 506 524 521 536 492 571 630 825 949 861 876 1146 1068 1083 1219 1369 1660 1716 1880 2267 2236 2370 2378 2434 2893 3102 3429 3485 3703 4336 4656 5736 6348 6545 6977 8478 9257 10433 12026 12722 14478 16771 17465 19591 23362 25559 27671 29419 33007 34161 43979 48779 52824 58049 63504 67523 73838 78579 80923 83334 87258 88205
"97" 218 197 196 246 244 273 330 278 331 369 301 321 319 360 372 530 557 569 536 725 678 688 753 892 1079 1156 1271 1469 1413 1529 1555 1625 1972 2125 2329 2378 2584 2989 3322 4057 4472 4696 4985 6019 6528 7555 8762 9198 10667 12332 13099 14637 17699 19078 21094 22550 25607 26413 34248 37478 41095 45391 49214 52800 57202 60949 62719 64950 68655
"98" 138 119 127 123 158 139 177 200 179 193 218 168 197 206 204 213 308 340 351 324 459 426 448 506 569 701 770 820 922 879 954 1032 1086 1316 1383 1520 1639 1739 2033 2310 2760 3152 3228 3466 4144 4615 5349 6213 6555 7572 8970 9569 10775 12879 14256 15938 16997 19408 20076 25728 28341 31227 34353 37521 39870 43265 45946 47546 49961
"99" 56 71 79 81 61 82 81 99 122 108 115 115 112 124 125 115 113 187 196 195 189 276 254 287 302 369 449 434 487 575 534 604 691 720 822 853 1018 1077 1174 1338 1574 1859 2073 2185 2348 2794 3249 3686 4364 4473 5337 6390 6991 7684 9415 10445 11792 12538 14389 14698 18961 21097 22946 25421 27711 29217 31803 33925 35677
"100" 39 27 43 49 49 47 46 46 66 68 61 69 77 60 65 74 62 65 99 107 112 116 159 165 171 190 239 255 255 280 336 350 386 429 434 517 545 616 699 733 879 1075 1228 1378 1454 1564 1898 2157 2525 2990 3133 3706 4535 4830 5420 6700 7486 8450 8985 10180 10557 13513 15185 16592 18109 19676 20737 22923 24718
"101" 17 19 18 28 33 36 30 22 21 40 35 31 39 48 31 33 39 34 30 59 66 61 73 97 96 113 128 145 158 134 172 185 202 254 257 251 326 349 394 445 478 600 652 799 856 970 1043 1192 1393 1611 2018 2125 2505 3050 3346 3810 4671 5242 5899 6246 7063 7358 9287 10649 11471 12351 13566 14472 16119
"102" 15 10 14 10 15 22 24 18 14 8 25 17 18 26 25 19 16 25 23 19 30 40 37 36 49 61 81 78 80 83 68 101 115 126 150 164 154 203 219 227 280 298 378 421 484 535 596 698 757 861 1067 1327 1442 1610 2043 2230 2522 3206 3517 3976 4223 4804 4867 6354 7051 7539 8239 9083 9903
"103" 8 7 8 7 7 11 16 13 10 9 7 13 10 9 14 13 12 10 12 11 11 17 23 21 24 31 39 52 45 40 50 39 57 60 72 86 110 97 117 124 141 168 174 243 227 276 358 383 428 467 569 701 844 914 1066 1304 1478 1650 2102 2245 2587 2809 3050 3225 4133 4591 4819 5345 6043
"104" 5 3 3 6 4 4 7 11 7 5 5 2 9 6 5 8 5 6 4 5 3 6 7 10 8 16 24 24 27 16 27 26 23 32 30 47 53 55 50 70 72 90 96 93 138 126 160 212 217 238 299 349 451 526 584 684 854 964 1044 1308 1450 1584 1724 1954 2024 2547 2823 3034 3479
"105" 6 2 2 3 5 4 3 5 7 4 2 2 1 5 4 4 2 3 4 0 4 3 4 6 6 4 8 11 13 12 8 16 8 12 16 12 31 35 34 31 32 43 56 53 54 78 70 102 127 107 157 183 212 258 315 359 429 560 589 642 780 932 970 1075 1146 1180 1495 1731 1918
"106" 3 1 1 1 3 2 3 2 5 5 3 1 1 1 3 3 3 1 1 1 0 0 2 4 4 3 2 4 6 5 9 4 9 6 8 9 6 13 17 19 17 17 30 32 26 31 39 38 60 66 56 90 104 117 139 195 219 263 341 365 384 471 559 541 665 670 668 878 1037
"107" 2 3 1 1 1 3 2 2 1 4 4 2 0 0 0 3 1 1 1 1 0 0 0 2 2 1 3 1 3 4 2 5 3 4 2 4 5 1 9 10 10 11 12 16 21 10 17 22 29 32 48 24 51 54 68 64 113 129 167 197 204 229 255 306 303 343 354 390 515
"108" 2 1 1 1 1 0 2 1 2 1 4 2 1 0 0 0 3 0 1 1 0 0 0 0 2 1 1 1 0 0 3 0 2 3 2 0 2 4 1 2 5 10 8 7 7 11 8 12 10 16 16 24 16 28 30 36 41 60 76 88 108 121 128 145 164 162 187 193 217
"109" 2 1 1 0 1 0 0 2 1 1 1 0 0 0 0 0 0 2 0 1 0 0 0 0 0 2 0 1 1 0 0 1 0 0 1 2 0 1 3 1 1 2 6 6 2 4 7 7 7 6 11 7 12 9 19 15 24 23 28 48 49 52 63 61 68 79 88 85 106
"110" 17 7 5 5 3 2 1 0 2 3 3 1 1 1 1 1 1 1 1 1 1 1 1 1 0 0 2 2 2 2 1 1 2 1 1 2 1 1 1 3 2 1 3 7 7 4 6 6 8 9 12 12 7 11 12 14 22 23 23 20 33 43 49 56 62 63 64 77 54
